1 50 
1 2

14 18
1 1 1 1 1 1 2 
2 2 1 1 2 2 2 
2 2 1 2 2 2 2 
2 2 1 1 2 2 2 
0 1 1 0 0 0 0 
0 0 0 0 0 0 0 
2 0 0 0 0 0 1 

2 2
1 0 0 0 0 0 2 
0 0 0 0 0 0 0 
0 0 0 0 0 0 0 
0 0 0 0 0 0 0 
0 0 0 0 0 0 0 
0 0 0 0 0 0 0 
2 0 0 0 0 0 1 

3 2
1 0 0 0 0 0 2 
0 0 0 0 0 0 0 
0 0 0 0 0 0 0 
0 0 0 0 0 0 0 
0 0 0 0 0 0 0 
0 0 0 0 0 0 0 
2 0 0 0 0 1 1 

3 3
1 0 0 0 0 2 2 
0 0 0 0 0 0 0 
0 0 0 0 0 0 0 
0 0 0 0 0 0 0 
0 0 0 0 0 0 0 
0 0 0 0 0 0 0 
2 0 0 0 0 1 1 

4 3
1 1 0 0 0 2 2 
0 0 0 0 0 0 0 
0 0 0 0 0 0 0 
0 0 0 0 0 0 0 
0 0 0 0 0 0 0 
0 0 0 0 0 0 0 
2 0 0 0 0 1 1 

4 4
1 1 0 0 2 2 2 
0 0 0 0 0 0 0 
0 0 0 0 0 0 0 
0 0 0 0 0 0 0 
0 0 0 0 0 0 0 
0 0 0 0 0 0 0 
2 0 0 0 0 1 1 

5 3
1 0 0 1 1 2 2 
0 0 0 0 0 0 0 
0 0 0 0 0 0 0 
0 0 0 0 0 0 0 
0 0 0 0 0 0 0 
0 0 0 0 0 0 0 
2 0 0 0 0 1 1 

3 6
1 0 0 2 2 2 2 
0 0 0 0 2 0 0 
0 0 0 0 0 0 0 
0 0 0 0 0 0 0 
0 0 0 0 0 0 0 
0 0 0 0 0 0 0 
2 0 0 0 0 1 1 

3 6
1 0 0 2 2 2 2 
0 0 0 0 2 0 0 
0 0 0 0 0 0 0 
0 0 0 0 0 0 0 
0 0 0 0 0 1 0 
0 0 0 0 0 0 0 
2 0 0 0 0 0 1 

2 7
2 2 0 0 2 2 2 
0 0 0 0 2 0 0 
0 0 0 0 0 0 0 
0 0 0 0 0 0 0 
0 0 0 0 0 1 0 
0 0 0 0 0 0 0 
2 0 0 0 0 0 1 

3 7
2 2 0 0 2 2 2 
0 0 0 0 2 0 0 
0 0 0 0 0 0 0 
0 0 0 0 0 0 0 
0 0 0 0 0 1 0 
0 0 0 0 0 1 0 
2 0 0 0 0 0 1 

2 8
2 2 0 0 2 2 2 
0 0 0 0 0 0 0 
0 0 0 0 0 0 0 
0 0 0 0 2 0 0 
0 0 0 0 0 2 0 
0 0 0 0 0 1 0 
2 0 0 0 0 0 1 

5 6
2 2 0 0 2 2 2 
0 0 0 0 0 0 0 
0 0 0 0 0 0 0 
0 0 0 0 1 0 0 
0 0 0 0 1 1 0 
0 0 0 0 0 1 0 
2 0 0 0 0 0 1 

4 7
2 2 0 0 0 2 2 
0 0 0 0 0 0 0 
0 0 0 2 0 0 0 
0 0 0 0 2 0 0 
0 0 0 0 1 1 0 
0 0 0 0 0 1 0 
2 0 0 0 0 0 1 

6 5
2 2 0 0 0 2 2 
0 0 0 0 0 0 0 
0 0 0 1 1 0 0 
0 0 0 0 1 0 0 
0 0 0 0 0 1 0 
0 0 0 0 0 1 0 
2 0 0 0 0 0 1 

4 8
2 2 0 0 0 2 2 
0 0 0 0 2 0 0 
0 0 0 2 2 0 0 
0 0 0 0 1 0 0 
0 0 0 0 0 1 0 
0 0 0 0 0 1 0 
2 0 0 0 0 0 1 

7 5
2 2 0 0 0 2 2 
0 0 0 1 1 0 0 
0 0 0 1 1 0 0 
0 0 0 0 0 0 0 
0 0 0 0 0 1 0 
0 0 0 0 0 1 0 
2 0 0 0 0 0 1 

5 8
2 2 0 0 2 2 2 
0 0 0 2 2 0 0 
0 0 0 1 1 0 0 
0 0 0 0 0 0 0 
0 0 0 0 0 1 0 
0 0 0 0 0 1 0 
2 0 0 0 0 0 1 

8 5
2 2 0 1 1 2 2 
0 0 0 1 1 0 0 
0 0 0 0 1 0 0 
0 0 0 0 0 0 0 
0 0 0 0 0 1 0 
0 0 0 0 0 1 0 
2 0 0 0 0 0 1 

5 9
2 2 0 1 2 2 2 
0 0 0 1 2 2 0 
0 0 0 0 2 0 0 
0 0 0 0 0 0 0 
0 0 0 0 0 1 0 
0 0 0 0 0 1 0 
2 0 0 0 0 0 1 

8 6
2 2 0 1 2 2 2 
0 0 0 1 1 1 0 
0 0 0 0 1 1 0 
0 0 0 0 0 0 0 
0 0 0 0 0 0 0 
0 0 0 0 0 1 0 
2 0 0 0 0 0 1 

5 9
2 2 0 1 0 2 2 
0 0 0 2 2 1 0 
0 0 0 2 2 1 0 
0 0 0 0 0 0 0 
0 0 0 0 0 0 0 
0 0 0 0 0 1 0 
2 0 0 0 0 0 1 

8 7
2 2 0 1 0 1 1 
0 0 0 2 2 1 1 
0 0 0 2 2 1 0 
0 0 0 0 0 0 0 
0 0 0 0 0 0 0 
0 0 0 0 0 1 0 
2 0 0 0 0 0 1 

5 11
2 2 0 2 2 2 1 
0 0 0 2 2 2 1 
0 0 0 2 2 1 0 
0 0 0 0 0 0 0 
0 0 0 0 0 0 0 
0 0 0 0 0 1 0 
2 0 0 0 0 0 1 

7 10
2 2 0 2 2 2 1 
0 0 0 2 2 1 1 
0 0 0 2 2 1 1 
0 0 0 0 0 0 0 
0 0 0 0 0 0 0 
0 0 0 0 0 1 0 
2 0 0 0 0 0 1 

5 13
2 2 0 2 2 2 1 
0 0 0 2 2 1 1 
0 0 0 2 2 2 2 
0 0 0 0 0 2 0 
0 0 0 0 0 0 0 
0 0 0 0 0 1 0 
2 0 0 0 0 0 1 

8 10
2 2 0 2 2 2 1 
0 0 0 2 2 1 1 
0 0 0 2 2 1 1 
0 0 0 0 0 1 1 
0 0 0 0 0 0 0 
0 0 0 0 0 0 0 
2 0 0 0 0 0 1 

6 13
2 2 0 2 2 2 1 
0 0 0 2 2 1 1 
0 0 0 2 2 2 1 
0 0 0 0 2 2 1 
0 0 0 0 0 0 0 
0 0 0 0 0 0 0 
2 0 0 0 0 0 1 

9 10
2 2 0 2 2 2 1 
0 0 0 2 2 0 1 
0 0 0 1 1 2 1 
0 0 0 1 1 2 1 
0 0 0 0 0 0 0 
0 0 0 0 0 0 0 
2 0 0 0 0 0 1 

5 15
2 2 0 2 2 2 2 
0 0 0 2 2 2 2 
0 0 0 1 2 2 2 
0 0 0 1 1 2 1 
0 0 0 0 0 0 0 
0 0 0 0 0 0 0 
2 0 0 0 0 0 1 

8 12
2 1 1 1 2 2 2 
0 0 0 1 2 2 2 
0 0 0 0 2 2 2 
0 0 0 1 1 2 1 
0 0 0 0 0 0 0 
0 0 0 0 0 0 0 
2 0 0 0 0 0 1 

4 16
2 2 2 2 2 2 2 
0 0 2 2 0 2 2 
0 0 0 0 2 2 2 
0 0 0 1 1 2 1 
0 0 0 0 0 0 0 
0 0 0 0 0 0 0 
2 0 0 0 0 0 1 

11 9
2 2 2 1 1 1 2 
0 0 2 1 1 1 2 
0 0 0 0 1 1 2 
0 0 0 0 1 2 1 
0 0 0 0 0 0 0 
0 0 0 0 0 0 0 
2 0 0 0 0 0 1 

7 14
2 2 2 1 1 1 2 
0 0 2 2 2 1 2 
0 0 0 2 2 1 2 
0 0 0 0 2 2 1 
0 0 0 0 0 0 0 
0 0 0 0 0 0 0 
2 0 0 0 0 0 1 

10 11
2 2 2 1 1 1 2 
0 0 2 2 2 1 2 
0 0 0 1 1 0 2 
0 0 0 1 1 2 1 
0 0 0 0 0 0 0 
0 0 0 0 0 0 0 
2 0 0 0 0 0 1 

6 16
2 2 2 1 1 1 2 
0 0 2 2 2 2 2 
0 0 0 1 2 2 2 
0 0 0 1 2 2 2 
0 0 0 0 0 0 0 
0 0 0 0 0 0 0 
2 0 0 0 0 0 1 

9 14
2 2 2 1 1 1 2 
0 0 1 1 2 2 2 
0 0 1 1 2 2 2 
0 0 0 1 2 2 2 
0 0 0 0 0 0 0 
0 0 0 0 0 0 0 
2 0 0 0 0 0 1 

6 17
2 2 2 1 1 1 2 
0 0 1 1 2 2 2 
0 0 2 2 2 2 2 
0 0 2 2 0 2 2 
0 0 0 0 0 0 0 
0 0 0 0 0 0 0 
2 0 0 0 0 0 1 

11 13
1 1 1 1 1 1 2 
0 1 1 1 2 2 2 
0 0 1 2 2 2 2 
0 0 2 2 0 2 2 
0 0 0 0 0 0 0 
0 0 0 0 0 0 0 
2 0 0 0 0 0 1 

8 17
1 1 1 1 1 1 2 
0 2 2 1 2 2 2 
0 2 2 2 2 2 2 
0 0 2 2 0 2 2 
0 0 0 0 0 0 0 
0 0 0 0 0 0 0 
2 0 0 0 0 0 1 

11 15
1 1 1 1 1 1 2 
1 1 2 1 2 2 2 
0 1 2 2 2 2 2 
0 0 2 2 0 2 2 
0 0 0 0 0 0 0 
0 0 0 0 0 0 0 
2 0 0 0 0 0 1 

8 18
1 1 1 1 1 1 2 
2 2 2 1 2 2 2 
2 2 0 2 2 2 2 
0 0 2 2 0 2 2 
0 0 0 0 0 0 0 
0 0 0 0 0 0 0 
2 0 0 0 0 0 1 

14 12
1 1 0 1 1 1 2 
2 1 1 1 2 2 2 
2 1 1 1 2 2 2 
0 0 1 1 0 2 2 
0 0 0 0 0 0 0 
0 0 0 0 0 0 0 
2 0 0 0 0 0 1 

9 17
1 2 2 2 1 1 2 
0 2 2 2 2 2 2 
2 1 1 1 2 2 2 
0 0 1 1 0 2 2 
0 0 0 0 0 0 0 
0 0 0 0 0 0 0 
2 0 0 0 0 0 1 

13 14
1 1 2 2 1 1 2 
1 1 2 2 2 2 2 
1 1 1 1 2 2 2 
0 0 1 1 0 2 2 
0 0 0 0 0 0 0 
0 0 0 0 0 0 0 
2 0 0 0 0 0 1 

9 18
1 1 2 2 1 1 2 
1 1 0 2 2 2 2 
2 2 2 1 2 2 2 
0 2 2 1 0 2 2 
0 0 0 0 0 0 0 
0 0 0 0 0 0 0 
2 0 0 0 0 0 1 

15 13
1 1 1 1 1 1 2 
1 1 1 1 2 2 2 
2 1 1 1 2 2 2 
0 2 2 1 0 2 2 
0 0 0 0 0 0 0 
0 0 0 0 0 0 0 
2 0 0 0 0 0 1 

13 16
1 1 1 1 1 1 2 
1 1 1 1 2 2 2 
2 1 1 2 2 2 2 
0 2 2 2 2 2 2 
0 0 0 0 0 0 0 
0 0 0 0 0 0 0 
2 0 0 0 0 0 1 

16 14
1 1 1 1 1 1 2 
1 1 1 1 2 2 2 
1 1 1 2 2 2 2 
1 1 2 2 2 2 2 
0 0 0 0 0 0 0 
0 0 0 0 0 0 0 
2 0 0 0 0 0 1 

14 17
1 1 1 1 1 1 2 
1 1 1 1 2 2 2 
1 1 1 2 2 2 2 
2 2 2 2 2 2 2 
0 2 0 0 0 0 0 
0 0 0 0 0 0 0 
2 0 0 0 0 0 1 

18 13
1 1 1 1 1 1 2 
1 1 1 1 2 2 2 
0 1 1 2 2 2 2 
2 1 1 1 2 2 2 
0 1 1 0 0 0 0 
0 0 0 0 0 0 0 
2 0 0 0 0 0 1 

14 18
1 1 1 1 1 1 2 
2 2 1 1 2 2 2 
2 2 1 2 2 2 2 
2 2 1 1 2 2 2 
0 1 1 0 0 0 0 
0 0 0 0 0 0 0 
2 0 0 0 0 0 1 

